TABLE NO.  1
 ID          TIME        SUR         DOSE        EVID        DV          PRED        RES         WRES
  1.0000E+00  0.0000E+00  1.0000E+00  0.0000E+00  3.0000E+00  0.0000E+00  1.0000E+00  0.0000E+00  0.0000E+00
  1.0000E+00  1.4300E+02  5.7593E-01  0.0000E+00  0.0000E+00  3.0000E+00  2.2222E-03  0.0000E+00  0.0000E+00
  2.0000E+00  0.0000E+00  1.0000E+00  0.0000E+00  3.0000E+00  0.0000E+00  1.0000E+00  0.0000E+00  0.0000E+00
  2.0000E+00  1.2600E+02  6.1498E-01  0.0000E+00  0.0000E+00  2.0000E+00  2.3729E-03  0.0000E+00  0.0000E+00
  3.0000E+00  0.0000E+00  1.0000E+00  0.0000E+00  3.0000E+00  0.0000E+00  1.0000E+00  0.0000E+00  0.0000E+00
  3.0000E+00  1.4000E+01  9.4741E-01  0.0000E+00  0.0000E+00  3.0000E+00  3.6556E-03  0.0000E+00  0.0000E+00
  4.0000E+00  0.0000E+00  1.0000E+00  0.0000E+00  3.0000E+00  0.0000E+00  1.0000E+00  0.0000E+00  0.0000E+00
  4.0000E+00  1.7000E+01  9.3651E-01  0.0000E+00  0.0000E+00  3.0000E+00  3.6135E-03  0.0000E+00  0.0000E+00
  5.0000E+00  0.0000E+00  1.0000E+00  0.0000E+00  3.0000E+00  0.0000E+00  1.0000E+00  0.0000E+00  0.0000E+00
  5.0000E+00  3.0000E+00  9.8849E-01  0.0000E+00  0.0000E+00  3.0000E+00  3.8141E-03  0.0000E+00  0.0000E+00
  6.0000E+00  0.0000E+00  1.0000E+00  0.0000E+00  3.0000E+00  0.0000E+00  1.0000E+00  0.0000E+00  0.0000E+00
  6.0000E+00  3.4000E+01  8.7705E-01  0.0000E+00  0.0000E+00  3.0000E+00  3.3841E-03  0.0000E+00  0.0000E+00
  7.0000E+00  0.0000E+00  1.0000E+00  0.0000E+00  3.0000E+00  0.0000E+00  1.0000E+00  0.0000E+00  0.0000E+00
  7.0000E+00  2.9000E+02  3.2662E-01  0.0000E+00  0.0000E+00  2.0000E+00  1.2603E-03  0.0000E+00  0.0000E+00
  8.0000E+00  0.0000E+00  1.0000E+00  0.0000E+00  3.0000E+00  0.0000E+00  1.0000E+00  0.0000E+00  0.0000E+00
  8.0000E+00  2.3000E+01  9.1508E-01  0.0000E+00  0.0000E+00  3.0000E+00  3.5308E-03  0.0000E+00  0.0000E+00
  9.0000E+00  0.0000E+00  1.0000E+00  0.0000E+00  3.0000E+00  0.0000E+00  1.0000E+00  0.0000E+00  0.0000E+00
  9.0000E+00  8.8000E+01  7.1209E-01  0.0000E+00  0.0000E+00  2.0000E+00  2.7476E-03  0.0000E+00  0.0000E+00
  1.0000E+01  0.0000E+00  1.0000E+00  0.0000E+00  3.0000E+00  0.0000E+00  1.0000E+00  0.0000E+00  0.0000E+00
  1.0000E+01  1.1800E+02  6.3426E-01  0.0000E+00  0.0000E+00  3.0000E+00  2.4473E-03  0.0000E+00  0.0000E+00
  1.1000E+01  0.0000E+00  1.0000E+00  0.0000E+00  3.0000E+00  0.0000E+00  1.0000E+00  0.0000E+00  0.0000E+00
  1.1000E+01  8.3000E+01  7.2596E-01  0.0000E+00  0.0000E+00  3.0000E+00  2.8011E-03  0.0000E+00  0.0000E+00
  1.2000E+01  0.0000E+00  1.0000E+00  0.0000E+00  3.0000E+00  0.0000E+00  1.0000E+00  0.0000E+00  0.0000E+00
  1.2000E+01  5.9000E+01  7.9640E-01  0.0000E+00  0.0000E+00  3.0000E+00  3.0729E-03  0.0000E+00  0.0000E+00
  1.3000E+01  0.0000E+00  1.0000E+00  1.0000E+01  3.0000E+00  0.0000E+00  1.0000E+00  0.0000E+00  0.0000E+00
  1.3000E+01  9.3000E+01  6.9849E-01  1.0000E+01  0.0000E+00  3.0000E+00  2.6951E-03  0.0000E+00  0.0000E+00
  1.4000E+01  0.0000E+00  1.0000E+00  1.0000E+01  3.0000E+00  0.0000E+00  1.0000E+00  0.0000E+00  0.0000E+00
  1.4000E+01  2.5000E+01  9.0804E-01  1.0000E+01  0.0000E+00  3.0000E+00  3.5037E-03  0.0000E+00  0.0000E+00
  1.5000E+01  0.0000E+00  1.0000E+00  1.0000E+01  3.0000E+00  0.0000E+00  1.0000E+00  0.0000E+00  0.0000E+00
  1.5000E+01  1.1000E+02  6.5414E-01  1.0000E+01  0.0000E+00  3.0000E+00  2.5240E-03  0.0000E+00  0.0000E+00
  1.6000E+01  0.0000E+00  1.0000E+00  1.0000E+01  3.0000E+00  0.0000E+00  1.0000E+00  0.0000E+00  0.0000E+00
  1.6000E+01  4.8000E+02  1.5691E-01  1.0000E+01  0.0000E+00  0.0000E+00  1.5691E-01  0.0000E+00  0.0000E+00
  1.7000E+01  0.0000E+00  1.0000E+00  1.0000E+01  3.0000E+00  0.0000E+00  1.0000E+00  0.0000E+00  0.0000E+00
  1.7000E+01  4.8000E+01  8.3093E-01  1.0000E+01  0.0000E+00  3.0000E+00  3.2061E-03  0.0000E+00  0.0000E+00
  1.8000E+01  0.0000E+00  1.0000E+00  1.0000E+01  3.0000E+00  0.0000E+00  1.0000E+00  0.0000E+00  0.0000E+00
  1.8000E+01  1.1000E+01  9.5844E-01  1.0000E+01  0.0000E+00  3.0000E+00  3.6982E-03  0.0000E+00  0.0000E+00
  1.9000E+01  0.0000E+00  1.0000E+00  1.0000E+01  3.0000E+00  0.0000E+00  1.0000E+00  0.0000E+00  0.0000E+00
  1.9000E+01  6.6000E+01  7.7518E-01  1.0000E+01  0.0000E+00  2.0000E+00  2.9910E-03  0.0000E+00  0.0000E+00
  2.0000E+01  0.0000E+00  1.0000E+00  1.0000E+01  3.0000E+00  0.0000E+00  1.0000E+00  0.0000E+00  0.0000E+00
  2.0000E+01  2.2000E+01  9.1862E-01  1.0000E+01  0.0000E+00  3.0000E+00  3.5445E-03  0.0000E+00  0.0000E+00
  2.1000E+01  0.0000E+00  1.0000E+00  1.0000E+01  3.0000E+00  0.0000E+00  1.0000E+00  0.0000E+00  0.0000E+00
  2.1000E+01  1.5000E+01  9.4377E-01  1.0000E+01  0.0000E+00  3.0000E+00  3.6415E-03  0.0000E+00  0.0000E+00
  2.2000E+01  0.0000E+00  1.0000E+00  1.0000E+01  3.0000E+00  0.0000E+00  1.0000E+00  0.0000E+00  0.0000E+00
  2.2000E+01  2.9100E+02  3.2536E-01  1.0000E+01  0.0000E+00  3.0000E+00  1.2554E-03  0.0000E+00  0.0000E+00
  2.3000E+01  0.0000E+00  1.0000E+00  1.0000E+01  3.0000E+00  0.0000E+00  1.0000E+00  0.0000E+00  0.0000E+00
  2.3000E+01  8.5000E+01  7.2038E-01  1.0000E+01  0.0000E+00  3.0000E+00  2.7796E-03  0.0000E+00  0.0000E+00
  2.4000E+01  0.0000E+00  1.0000E+00  1.0000E+01  3.0000E+00  0.0000E+00  1.0000E+00  0.0000E+00  0.0000E+00
  2.4000E+01  1.7800E+02  5.0318E-01  1.0000E+01  0.0000E+00  2.0000E+00  1.9415E-03  0.0000E+00  0.0000E+00
  2.5000E+01  0.0000E+00  1.0000E+00  5.0000E+01  3.0000E+00  0.0000E+00  1.0000E+00  0.0000E+00  0.0000E+00
  2.5000E+01  2.2400E+02  4.2134E-01  5.0000E+01  0.0000E+00  3.0000E+00  1.6258E-03  0.0000E+00  0.0000E+00
  2.6000E+01  0.0000E+00  1.0000E+00  5.0000E+01  3.0000E+00  0.0000E+00  1.0000E+00  0.0000E+00  0.0000E+00
  2.6000E+01  2.2000E+02  4.2790E-01  5.0000E+01  0.0000E+00  3.0000E+00  1.6510E-03  0.0000E+00  0.0000E+00
  2.7000E+01  0.0000E+00  1.0000E+00  5.0000E+01  3.0000E+00  0.0000E+00  1.0000E+00  0.0000E+00  0.0000E+00
  2.7000E+01  2.0200E+02  4.5867E-01  5.0000E+01  0.0000E+00  2.0000E+00  1.7698E-03  0.0000E+00  0.0000E+00
  2.8000E+01  0.0000E+00  1.0000E+00  5.0000E+01  3.0000E+00  0.0000E+00  1.0000E+00  0.0000E+00  0.0000E+00
  2.8000E+01  2.6500E+02  3.5969E-01  5.0000E+01  0.0000E+00  3.0000E+00  1.3879E-03  0.0000E+00  0.0000E+00
  2.9000E+01  0.0000E+00  1.0000E+00  5.0000E+01  3.0000E+00  0.0000E+00  1.0000E+00  0.0000E+00  0.0000E+00
  2.9000E+01  6.9000E+01  7.6626E-01  5.0000E+01  0.0000E+00  3.0000E+00  2.9566E-03  0.0000E+00  0.0000E+00
  3.0000E+01  0.0000E+00  1.0000E+00  5.0000E+01  3.0000E+00  0.0000E+00  1.0000E+00  0.0000E+00  0.0000E+00
  3.0000E+01  2.4400E+02  3.9005E-01  5.0000E+01  0.0000E+00  3.0000E+00  1.5050E-03  0.0000E+00  0.0000E+00
  3.1000E+01  0.0000E+00  1.0000E+00  5.0000E+01  3.0000E+00  0.0000E+00  1.0000E+00  0.0000E+00  0.0000E+00
  3.1000E+01  2.4800E+02  3.8408E-01  5.0000E+01  0.0000E+00  2.0000E+00  1.4820E-03  0.0000E+00  0.0000E+00
  3.2000E+01  0.0000E+00  1.0000E+00  5.0000E+01  3.0000E+00  0.0000E+00  1.0000E+00  0.0000E+00  0.0000E+00
  3.2000E+01  2.3500E+02  4.0384E-01  5.0000E+01  0.0000E+00  3.0000E+00  1.5582E-03  0.0000E+00  0.0000E+00
  3.3000E+01  0.0000E+00  1.0000E+00  5.0000E+01  3.0000E+00  0.0000E+00  1.0000E+00  0.0000E+00  0.0000E+00
  3.3000E+01  2.5300E+02  3.7674E-01  5.0000E+01  0.0000E+00  3.0000E+00  1.4537E-03  0.0000E+00  0.0000E+00
  3.4000E+01  0.0000E+00  1.0000E+00  5.0000E+01  3.0000E+00  0.0000E+00  1.0000E+00  0.0000E+00  0.0000E+00
  3.4000E+01  3.3500E+02  2.7456E-01  5.0000E+01  0.0000E+00  2.0000E+00  1.0594E-03  0.0000E+00  0.0000E+00
  3.5000E+01  0.0000E+00  1.0000E+00  5.0000E+01  3.0000E+00  0.0000E+00  1.0000E+00  0.0000E+00  0.0000E+00
  3.5000E+01  4.5300E+02  1.7414E-01  5.0000E+01  0.0000E+00  3.0000E+00  6.7192E-04  0.0000E+00  0.0000E+00
  3.6000E+01  0.0000E+00  1.0000E+00  5.0000E+01  3.0000E+00  0.0000E+00  1.0000E+00  0.0000E+00  0.0000E+00
  3.6000E+01  9.0000E+00  9.6587E-01  5.0000E+01  0.0000E+00  3.0000E+00  3.7268E-03  0.0000E+00  0.0000E+00
  3.7000E+01  0.0000E+00  1.0000E+00  2.0000E+02  3.0000E+00  0.0000E+00  1.0000E+00  0.0000E+00  0.0000E+00
  3.7000E+01  2.7600E+02  3.4475E-01  2.0000E+02  0.0000E+00  3.0000E+00  1.3302E-03  0.0000E+00  0.0000E+00
  3.8000E+01  0.0000E+00  1.0000E+00  2.0000E+02  3.0000E+00  0.0000E+00  1.0000E+00  0.0000E+00  0.0000E+00
  3.8000E+01  4.8000E+02  1.5691E-01  2.0000E+02  0.0000E+00  0.0000E+00  1.5691E-01  0.0000E+00  0.0000E+00
  3.9000E+01  0.0000E+00  1.0000E+00  2.0000E+02  3.0000E+00  0.0000E+00  1.0000E+00  0.0000E+00  0.0000E+00
  3.9000E+01  4.8000E+02  1.5691E-01  2.0000E+02  0.0000E+00  0.0000E+00  1.5691E-01  0.0000E+00  0.0000E+00
  4.0000E+01  0.0000E+00  1.0000E+00  2.0000E+02  3.0000E+00  0.0000E+00  1.0000E+00  0.0000E+00  0.0000E+00
  4.0000E+01  4.8000E+02  1.5691E-01  2.0000E+02  0.0000E+00  0.0000E+00  1.5691E-01  0.0000E+00  0.0000E+00
  4.1000E+01  0.0000E+00  1.0000E+00  2.0000E+02  3.0000E+00  0.0000E+00  1.0000E+00  0.0000E+00  0.0000E+00
  4.1000E+01  4.8000E+02  1.5691E-01  2.0000E+02  0.0000E+00  0.0000E+00  1.5691E-01  0.0000E+00  0.0000E+00
  4.2000E+01  0.0000E+00  1.0000E+00  2.0000E+02  3.0000E+00  0.0000E+00  1.0000E+00  0.0000E+00  0.0000E+00
  4.2000E+01  4.8000E+02  1.5691E-01  2.0000E+02  0.0000E+00  0.0000E+00  1.5691E-01  0.0000E+00  0.0000E+00
  4.3000E+01  0.0000E+00  1.0000E+00  2.0000E+02  3.0000E+00  0.0000E+00  1.0000E+00  0.0000E+00  0.0000E+00
  4.3000E+01  2.6600E+02  3.5831E-01  2.0000E+02  0.0000E+00  2.0000E+00  1.3825E-03  0.0000E+00  0.0000E+00
  4.4000E+01  0.0000E+00  1.0000E+00  2.0000E+02  3.0000E+00  0.0000E+00  1.0000E+00  0.0000E+00  0.0000E+00
  4.4000E+01  4.8000E+02  1.5691E-01  2.0000E+02  0.0000E+00  0.0000E+00  1.5691E-01  0.0000E+00  0.0000E+00
  4.5000E+01  0.0000E+00  1.0000E+00  2.0000E+02  3.0000E+00  0.0000E+00  1.0000E+00  0.0000E+00  0.0000E+00
  4.5000E+01  1.9700E+02  4.6761E-01  2.0000E+02  0.0000E+00  3.0000E+00  1.8043E-03  0.0000E+00  0.0000E+00
  4.6000E+01  0.0000E+00  1.0000E+00  2.0000E+02  3.0000E+00  0.0000E+00  1.0000E+00  0.0000E+00  0.0000E+00
  4.6000E+01  3.5000E+02  2.5912E-01  2.0000E+02  0.0000E+00  3.0000E+00  9.9980E-04  0.0000E+00  0.0000E+00
  4.7000E+01  0.0000E+00  1.0000E+00  2.0000E+02  3.0000E+00  0.0000E+00  1.0000E+00  0.0000E+00  0.0000E+00
  4.7000E+01  4.8000E+02  1.5691E-01  2.0000E+02  0.0000E+00  0.0000E+00  1.5691E-01  0.0000E+00  0.0000E+00
  4.8000E+01  0.0000E+00  1.0000E+00  2.0000E+02  3.0000E+00  0.0000E+00  1.0000E+00  0.0000E+00  0.0000E+00
  4.8000E+01  4.8000E+02  1.5691E-01  2.0000E+02  0.0000E+00  0.0000E+00  1.5691E-01  0.0000E+00  0.0000E+00
