TABLE NO.  1
 ID          TIME        SUR         DOSE        EVID        DV          PRED        RES         WRES
  1.0000E+00  0.0000E+00  1.0000E+00  0.0000E+00  3.0000E+00  0.0000E+00  1.0000E+00  0.0000E+00  0.0000E+00
  1.0000E+00  1.4300E+02  1.2932E-01  0.0000E+00  0.0000E+00  3.0000E+00  1.9038E-03  0.0000E+00  0.0000E+00
  1.0000E+00  1.4400E+02  9.8580E-01  0.0000E+00  0.0000E+00  3.0000E+00  1.3713E-02  0.0000E+00  0.0000E+00
  1.0000E+00  1.8900E+02  5.2536E-01  0.0000E+00  0.0000E+00  3.0000E+00  7.4374E-03  0.0000E+00  0.0000E+00
  1.0000E+00  2.4500E+02  4.4887E-01  0.0000E+00  0.0000E+00  3.0000E+00  6.3826E-03  0.0000E+00  0.0000E+00
  1.0000E+00  2.4900E+02  9.4439E-01  0.0000E+00  0.0000E+00  3.0000E+00  1.3153E-02  0.0000E+00  0.0000E+00
  1.0000E+00  3.1100E+02  4.1195E-01  0.0000E+00  0.0000E+00  3.0000E+00  5.8717E-03  0.0000E+00  0.0000E+00
  1.0000E+00  3.6100E+02  4.8909E-01  0.0000E+00  0.0000E+00  3.0000E+00  6.9379E-03  0.0000E+00  0.0000E+00
  1.0000E+00  4.8000E+02  1.8229E-01  0.0000E+00  0.0000E+00  0.0000E+00  1.9115E-01  0.0000E+00  0.0000E+00
  2.0000E+00  0.0000E+00  1.0000E+00  0.0000E+00  3.0000E+00  0.0000E+00  1.0000E+00  0.0000E+00  0.0000E+00
  2.0000E+00  6.2000E+01  3.8114E-01  0.0000E+00  0.0000E+00  1.0000E+00  5.8717E-03  0.0000E+00  0.0000E+00
  2.0000E+00  1.2600E+02  3.6946E-01  0.0000E+00  0.0000E+00  2.0000E+00  5.7106E-03  0.0000E+00  0.0000E+00
  2.0000E+00  2.1000E+02  2.7067E-01  0.0000E+00  0.0000E+00  3.0000E+00  4.3242E-03  0.0000E+00  0.0000E+00
  2.0000E+00  2.8000E+02  3.3654E-01  0.0000E+00  0.0000E+00  2.0000E+00  5.2535E-03  0.0000E+00  0.0000E+00
  2.0000E+00  3.8600E+02  1.9222E-01  0.0000E+00  0.0000E+00  1.0000E+00  3.1846E-03  0.0000E+00  0.0000E+00
  2.0000E+00  3.9600E+02  8.5592E-01  0.0000E+00  0.0000E+00  2.0000E+00  1.2100E-02  0.0000E+00  0.0000E+00
  2.0000E+00  4.3900E+02  5.1223E-01  0.0000E+00  0.0000E+00  2.0000E+00  7.6472E-03  0.0000E+00  0.0000E+00
  2.0000E+00  4.5900E+02  7.3260E-01  0.0000E+00  0.0000E+00  1.0000E+00  1.0529E-02  0.0000E+00  0.0000E+00
  2.0000E+00  4.8000E+02  7.2129E-01  0.0000E+00  0.0000E+00  0.0000E+00  7.4676E-01  0.0000E+00  0.0000E+00
  3.0000E+00  0.0000E+00  1.0000E+00  0.0000E+00  3.0000E+00  0.0000E+00  1.0000E+00  0.0000E+00  0.0000E+00
  3.0000E+00  1.4000E+01  8.4619E-01  0.0000E+00  0.0000E+00  3.0000E+00  1.1445E-02  0.0000E+00  0.0000E+00
  3.0000E+00  1.0300E+02  3.4586E-01  0.0000E+00  0.0000E+00  1.0000E+00  4.0338E-03  0.0000E+00  0.0000E+00
  3.0000E+00  1.4100E+02  6.3551E-01  0.0000E+00  0.0000E+00  3.0000E+00  8.1977E-03  0.0000E+00  0.0000E+00
  3.0000E+00  2.0700E+02  4.5505E-01  0.0000E+00  0.0000E+00  3.0000E+00  5.5540E-03  0.0000E+00  0.0000E+00
  3.0000E+00  4.6900E+02  4.3914E-02  0.0000E+00  0.0000E+00  3.0000E+00  3.6391E-04  0.0000E+00  0.0000E+00
  3.0000E+00  4.8000E+02  8.7702E-01  0.0000E+00  0.0000E+00  0.0000E+00  8.5817E-01  0.0000E+00  0.0000E+00
  4.0000E+00  0.0000E+00  1.0000E+00  0.0000E+00  3.0000E+00  0.0000E+00  1.0000E+00  0.0000E+00  0.0000E+00
  4.0000E+00  1.7000E+01  7.6760E-01  0.0000E+00  0.0000E+00  3.0000E+00  1.0978E-02  0.0000E+00  0.0000E+00
  4.0000E+00  3.3000E+01  7.7964E-01  0.0000E+00  0.0000E+00  2.0000E+00  1.1131E-02  0.0000E+00  0.0000E+00
  4.0000E+00  5.0000E+01  7.6760E-01  0.0000E+00  0.0000E+00  3.0000E+00  1.0978E-02  0.0000E+00  0.0000E+00
  4.0000E+00  1.7500E+02  1.4303E-01  0.0000E+00  0.0000E+00  3.0000E+00  2.4452E-03  0.0000E+00  0.0000E+00
  4.0000E+00  1.9600E+02  7.2129E-01  0.0000E+00  0.0000E+00  3.0000E+00  1.0384E-02  0.0000E+00  0.0000E+00
  4.0000E+00  2.2400E+02  6.4686E-01  0.0000E+00  0.0000E+00  3.0000E+00  9.4207E-03  0.0000E+00  0.0000E+00
  4.0000E+00  2.8700E+02  3.7526E-01  0.0000E+00  0.0000E+00  2.0000E+00  5.7906E-03  0.0000E+00  0.0000E+00
  4.0000E+00  4.2700E+02  1.1326E-01  0.0000E+00  0.0000E+00  3.0000E+00  1.9849E-03  0.0000E+00  0.0000E+00
  4.0000E+00  4.8000E+02  4.3843E-01  0.0000E+00  0.0000E+00  0.0000E+00  4.7856E-01  0.0000E+00  0.0000E+00
  5.0000E+00  0.0000E+00  1.0000E+00  0.0000E+00  3.0000E+00  0.0000E+00  1.0000E+00  0.0000E+00  0.0000E+00
  5.0000E+00  3.0000E+00  9.1840E-01  0.0000E+00  0.0000E+00  3.0000E+00  1.3337E-02  0.0000E+00  0.0000E+00
  5.0000E+00  6.6000E+01  1.6736E-01  0.0000E+00  0.0000E+00  1.0000E+00  5.7906E-03  0.0000E+00  0.0000E+00
  5.0000E+00  7.3000E+01  8.1986E-01  0.0000E+00  0.0000E+00  2.0000E+00  1.2615E-02  0.0000E+00  0.0000E+00
  5.0000E+00  1.2700E+02  2.1605E-01  0.0000E+00  0.0000E+00  2.0000E+00  6.5625E-03  0.0000E+00  0.0000E+00
  5.0000E+00  1.5900E+02  4.0333E-01  0.0000E+00  0.0000E+00  3.0000E+00  8.9110E-03  0.0000E+00  0.0000E+00
  5.0000E+00  2.3000E+02  1.3337E-01  0.0000E+00  0.0000E+00  3.0000E+00  5.1810E-03  0.0000E+00  0.0000E+00
  5.0000E+00  2.6300E+02  3.9205E-01  0.0000E+00  0.0000E+00  3.0000E+00  8.7880E-03  0.0000E+00  0.0000E+00
  5.0000E+00  2.9700E+02  3.8108E-01  0.0000E+00  0.0000E+00  2.0000E+00  8.6666E-03  0.0000E+00  0.0000E+00
  5.0000E+00  3.3100E+02  3.8108E-01  0.0000E+00  0.0000E+00  3.0000E+00  8.6666E-03  0.0000E+00  0.0000E+00
  5.0000E+00  3.4100E+02  7.5295E-01  0.0000E+00  0.0000E+00  1.0000E+00  1.2100E-02  0.0000E+00  0.0000E+00
  5.0000E+00  3.4300E+02  9.4483E-01  0.0000E+00  0.0000E+00  3.0000E+00  1.3524E-02  0.0000E+00  0.0000E+00
  5.0000E+00  3.5000E+02  8.1986E-01  0.0000E+00  0.0000E+00  1.0000E+00  1.2615E-02  0.0000E+00  0.0000E+00
  5.0000E+00  3.7900E+02  4.3917E-01  0.0000E+00  0.0000E+00  1.0000E+00  9.2906E-03  0.0000E+00  0.0000E+00
  5.0000E+00  4.0000E+02  5.5108E-01  0.0000E+00  0.0000E+00  1.0000E+00  1.0384E-02  0.0000E+00  0.0000E+00
  5.0000E+00  4.0900E+02  7.7463E-01  0.0000E+00  0.0000E+00  3.0000E+00  1.2269E-02  0.0000E+00  0.0000E+00
  5.0000E+00  4.2800E+02  5.8326E-01  0.0000E+00  0.0000E+00  1.0000E+00  1.0677E-02  0.0000E+00  0.0000E+00
  5.0000E+00  4.4400E+02  6.3508E-01  0.0000E+00  0.0000E+00  3.0000E+00  1.1131E-02  0.0000E+00  0.0000E+00
  5.0000E+00  4.8000E+02  3.6005E-01  0.0000E+00  0.0000E+00  0.0000E+00  6.0618E-01  0.0000E+00  0.0000E+00
  6.0000E+00  0.0000E+00  1.0000E+00  0.0000E+00  3.0000E+00  0.0000E+00  1.0000E+00  0.0000E+00  0.0000E+00
  6.0000E+00  1.4000E+01  7.3098E-01  0.0000E+00  0.0000E+00  1.0000E+00  1.1445E-02  0.0000E+00  0.0000E+00
  6.0000E+00  3.4000E+01  6.3912E-01  0.0000E+00  0.0000E+00  3.0000E+00  1.0529E-02  0.0000E+00  0.0000E+00
  6.0000E+00  4.7000E+01  7.4753E-01  0.0000E+00  0.0000E+00  2.0000E+00  1.1606E-02  0.0000E+00  0.0000E+00
  6.0000E+00  5.4000E+01  8.5497E-01  0.0000E+00  0.0000E+00  3.0000E+00  1.2615E-02  0.0000E+00  0.0000E+00
  6.0000E+00  7.4000E+01  6.3912E-01  0.0000E+00  0.0000E+00  1.0000E+00  1.0529E-02  0.0000E+00  0.0000E+00
  6.0000E+00  1.0800E+02  4.6718E-01  0.0000E+00  0.0000E+00  3.0000E+00  8.6666E-03  0.0000E+00  0.0000E+00
  6.0000E+00  2.1500E+02  9.1171E-02  0.0000E+00  0.0000E+00  2.0000E+00  3.1406E-03  0.0000E+00  0.0000E+00
  6.0000E+00  3.0700E+02  1.2755E-01  0.0000E+00  0.0000E+00  1.0000E+00  3.8690E-03  0.0000E+00  0.0000E+00
  6.0000E+00  4.0000E+02  1.2472E-01  0.0000E+00  0.0000E+00  1.0000E+00  3.8155E-03  0.0000E+00  0.0000E+00
  6.0000E+00  4.3300E+02  4.7776E-01  0.0000E+00  0.0000E+00  3.0000E+00  8.7880E-03  0.0000E+00  0.0000E+00
  6.0000E+00  4.4900E+02  6.9898E-01  0.0000E+00  0.0000E+00  2.0000E+00  1.1131E-02  0.0000E+00  0.0000E+00
  6.0000E+00  4.5000E+02  9.7787E-01  0.0000E+00  0.0000E+00  3.0000E+00  1.3713E-02  0.0000E+00  0.0000E+00
  6.0000E+00  4.6400E+02  7.3098E-01  0.0000E+00  0.0000E+00  1.0000E+00  1.1445E-02  0.0000E+00  0.0000E+00
  6.0000E+00  4.8000E+02  6.9898E-01  0.0000E+00  0.0000E+00  0.0000E+00  8.0053E-01  0.0000E+00  0.0000E+00
  7.0000E+00  0.0000E+00  1.0000E+00  0.0000E+00  3.0000E+00  0.0000E+00  1.0000E+00  0.0000E+00  0.0000E+00
  7.0000E+00  2.2600E+02  1.1036E-01  0.0000E+00  0.0000E+00  1.0000E+00  6.0033E-04  0.0000E+00  0.0000E+00
  7.0000E+00  2.9000E+02  5.3572E-01  0.0000E+00  0.0000E+00  2.0000E+00  5.7106E-03  0.0000E+00  0.0000E+00
  7.0000E+00  4.7900E+02  1.5831E-01  0.0000E+00  0.0000E+00  3.0000E+00  1.0042E-03  0.0000E+00  0.0000E+00
  7.0000E+00  4.8000E+02  9.9030E-01  0.0000E+00  0.0000E+00  0.0000E+00  9.8619E-01  0.0000E+00  0.0000E+00
  8.0000E+00  0.0000E+00  1.0000E+00  0.0000E+00  3.0000E+00  0.0000E+00  1.0000E+00  0.0000E+00  0.0000E+00
  8.0000E+00  1.2000E+01  7.1141E-01  0.0000E+00  0.0000E+00  1.0000E+00  1.1768E-02  0.0000E+00  0.0000E+00
  8.0000E+00  2.3000E+01  7.3189E-01  0.0000E+00  0.0000E+00  3.0000E+00  1.1933E-02  0.0000E+00  0.0000E+00
  8.0000E+00  2.6000E+01  9.1840E-01  0.0000E+00  0.0000E+00  2.0000E+00  1.3337E-02  0.0000E+00  0.0000E+00
  8.0000E+00  4.5000E+01  5.8326E-01  0.0000E+00  0.0000E+00  2.0000E+00  1.0677E-02  0.0000E+00  0.0000E+00
  8.0000E+00  1.7100E+02  2.8008E-02  0.0000E+00  0.0000E+00  3.0000E+00  2.4114E-03  0.0000E+00  0.0000E+00
  8.0000E+00  1.8000E+02  7.7463E-01  0.0000E+00  0.0000E+00  2.0000E+00  1.2269E-02  0.0000E+00  0.0000E+00
  8.0000E+00  2.2200E+02  3.0369E-01  0.0000E+00  0.0000E+00  1.0000E+00  7.7542E-03  0.0000E+00  0.0000E+00
  8.0000E+00  2.4000E+02  6.0004E-01  0.0000E+00  0.0000E+00  3.0000E+00  1.0826E-02  0.0000E+00  0.0000E+00
  8.0000E+00  2.5000E+02  7.5295E-01  0.0000E+00  0.0000E+00  1.0000E+00  1.2100E-02  0.0000E+00  0.0000E+00
  8.0000E+00  2.5100E+02  9.7202E-01  0.0000E+00  0.0000E+00  2.0000E+00  1.3713E-02  0.0000E+00  0.0000E+00
  8.0000E+00  2.8100E+02  4.2688E-01  0.0000E+00  0.0000E+00  3.0000E+00  9.1623E-03  0.0000E+00  0.0000E+00
  8.0000E+00  3.0700E+02  4.7819E-01  0.0000E+00  0.0000E+00  1.0000E+00  9.6864E-03  0.0000E+00  0.0000E+00
  8.0000E+00  3.7100E+02  1.6267E-01  0.0000E+00  0.0000E+00  3.0000E+00  5.7106E-03  0.0000E+00  0.0000E+00
  8.0000E+00  4.6300E+02  7.3497E-02  0.0000E+00  0.0000E+00  3.0000E+00  3.8690E-03  0.0000E+00  0.0000E+00
  8.0000E+00  4.6500E+02  9.4483E-01  0.0000E+00  0.0000E+00  3.0000E+00  1.3524E-02  0.0000E+00  0.0000E+00
  8.0000E+00  4.6800E+02  9.1840E-01  0.0000E+00  0.0000E+00  3.0000E+00  1.3337E-02  0.0000E+00  0.0000E+00
  8.0000E+00  4.7000E+02  9.4483E-01  0.0000E+00  0.0000E+00  3.0000E+00  1.3524E-02  0.0000E+00  0.0000E+00
  8.0000E+00  4.8000E+02  7.5295E-01  0.0000E+00  0.0000E+00  0.0000E+00  8.7018E-01  0.0000E+00  0.0000E+00
  9.0000E+00  0.0000E+00  1.0000E+00  0.0000E+00  3.0000E+00  0.0000E+00  1.0000E+00  0.0000E+00  0.0000E+00
  9.0000E+00  1.3000E+01  7.6156E-01  0.0000E+00  0.0000E+00  1.0000E+00  1.1606E-02  0.0000E+00  0.0000E+00
  9.0000E+00  2.8000E+01  7.3031E-01  0.0000E+00  0.0000E+00  1.0000E+00  1.1287E-02  0.0000E+00  0.0000E+00
  9.0000E+00  8.8000E+01  2.8447E-01  0.0000E+00  0.0000E+00  2.0000E+00  6.0372E-03  0.0000E+00  0.0000E+00
  9.0000E+00  1.6200E+02  2.1215E-01  0.0000E+00  0.0000E+00  3.0000E+00  4.9693E-03  0.0000E+00  0.0000E+00
  9.0000E+00  1.7600E+02  7.4577E-01  0.0000E+00  0.0000E+00  3.0000E+00  1.1445E-02  0.0000E+00  0.0000E+00
  9.0000E+00  1.9500E+02  6.7160E-01  0.0000E+00  0.0000E+00  1.0000E+00  1.0677E-02  0.0000E+00  0.0000E+00
  9.0000E+00  2.6400E+02  2.3558E-01  0.0000E+00  0.0000E+00  3.0000E+00  5.3271E-03  0.0000E+00  0.0000E+00
  9.0000E+00  2.8600E+02  6.3068E-01  0.0000E+00  0.0000E+00  2.0000E+00  1.0240E-02  0.0000E+00  0.0000E+00
  9.0000E+00  3.3700E+02  3.4350E-01  0.0000E+00  0.0000E+00  1.0000E+00  6.8421E-03  0.0000E+00  0.0000E+00
  9.0000E+00  3.6300E+02  5.7998E-01  0.0000E+00  0.0000E+00  1.0000E+00  9.6864E-03  0.0000E+00  0.0000E+00
  9.0000E+00  4.2500E+02  2.7279E-01  0.0000E+00  0.0000E+00  1.0000E+00  5.8717E-03  0.0000E+00  0.0000E+00
  9.0000E+00  4.7100E+02  3.8144E-01  0.0000E+00  0.0000E+00  1.0000E+00  7.3347E-03  0.0000E+00  0.0000E+00
  9.0000E+00  4.8000E+02  8.2814E-01  0.0000E+00  0.0000E+00  0.0000E+00  8.8237E-01  0.0000E+00  0.0000E+00
  1.0000E+01  0.0000E+00  1.0000E+00  0.0000E+00  3.0000E+00  0.0000E+00  1.0000E+00  0.0000E+00  0.0000E+00
  1.0000E+01  4.4000E+01  5.0432E-01  0.0000E+00  0.0000E+00  1.0000E+00  7.5416E-03  0.0000E+00  0.0000E+00
  1.0000E+01  9.4000E+01  4.5937E-01  0.0000E+00  0.0000E+00  1.0000E+00  6.9379E-03  0.0000E+00  0.0000E+00
  1.0000E+01  1.1800E+02  6.8840E-01  0.0000E+00  0.0000E+00  3.0000E+00  9.9595E-03  0.0000E+00  0.0000E+00
  1.0000E+01  1.8500E+02  3.5262E-01  0.0000E+00  0.0000E+00  2.0000E+00  5.4773E-03  0.0000E+00  0.0000E+00
  1.0000E+01  3.9700E+02  3.6947E-02  0.0000E+00  0.0000E+00  1.0000E+00  7.2934E-04  0.0000E+00  0.0000E+00
  1.0000E+01  4.5500E+02  4.0561E-01  0.0000E+00  0.0000E+00  1.0000E+00  6.2075E-03  0.0000E+00  0.0000E+00
  1.0000E+01  4.6800E+02  8.1689E-01  0.0000E+00  0.0000E+00  3.0000E+00  1.1606E-02  0.0000E+00  0.0000E+00
  1.0000E+01  4.7100E+02  9.5440E-01  0.0000E+00  0.0000E+00  3.0000E+00  1.3337E-02  0.0000E+00  0.0000E+00
  1.0000E+01  4.8000E+02  8.6934E-01  0.0000E+00  0.0000E+00  0.0000E+00  8.8237E-01  0.0000E+00  0.0000E+00
  1.1000E+01  0.0000E+00  1.0000E+00  0.0000E+00  3.0000E+00  0.0000E+00  1.0000E+00  0.0000E+00  0.0000E+00
  1.1000E+01  8.3000E+01  1.0777E-01  0.0000E+00  0.0000E+00  3.0000E+00  4.3848E-03  0.0000E+00  0.0000E+00
  1.1000E+01  9.1000E+01  8.0676E-01  0.0000E+00  0.0000E+00  1.0000E+00  1.2441E-02  0.0000E+00  0.0000E+00
  1.1000E+01  9.3000E+01  9.4773E-01  0.0000E+00  0.0000E+00  2.0000E+00  1.3524E-02  0.0000E+00  0.0000E+00
  1.1000E+01  1.4000E+02  2.8323E-01  0.0000E+00  0.0000E+00  1.0000E+00  7.2334E-03  0.0000E+00  0.0000E+00
  1.1000E+01  1.4600E+02  8.5126E-01  0.0000E+00  0.0000E+00  3.0000E+00  1.2792E-02  0.0000E+00  0.0000E+00
  1.1000E+01  1.9500E+02  2.6842E-01  0.0000E+00  0.0000E+00  3.0000E+00  7.0350E-03  0.0000E+00  0.0000E+00
  1.1000E+01  2.0100E+02  8.5126E-01  0.0000E+00  0.0000E+00  2.0000E+00  1.2792E-02  0.0000E+00  0.0000E+00
  1.1000E+01  2.2400E+02  5.3938E-01  0.0000E+00  0.0000E+00  1.0000E+00  1.0099E-02  0.0000E+00  0.0000E+00
  1.1000E+01  2.5700E+02  4.1241E-01  0.0000E+00  0.0000E+00  3.0000E+00  8.7880E-03  0.0000E+00  0.0000E+00
  1.1000E+01  3.1100E+02  2.3471E-01  0.0000E+00  0.0000E+00  3.0000E+00  6.5625E-03  0.0000E+00  0.0000E+00
  1.1000E+01  3.5800E+02  2.8323E-01  0.0000E+00  0.0000E+00  1.0000E+00  7.2334E-03  0.0000E+00  0.0000E+00
  1.1000E+01  3.7800E+02  5.8461E-01  0.0000E+00  0.0000E+00  2.0000E+00  1.0529E-02  0.0000E+00  0.0000E+00
  1.1000E+01  4.1700E+02  3.5107E-01  0.0000E+00  0.0000E+00  2.0000E+00  8.0845E-03  0.0000E+00  0.0000E+00
  1.1000E+01  4.2200E+02  8.7441E-01  0.0000E+00  0.0000E+00  2.0000E+00  1.2971E-02  0.0000E+00  0.0000E+00
  1.1000E+01  4.5300E+02  4.3515E-01  0.0000E+00  0.0000E+00  3.0000E+00  9.0358E-03  0.0000E+00  0.0000E+00
  1.1000E+01  4.5500E+02  9.4773E-01  0.0000E+00  0.0000E+00  3.0000E+00  1.3524E-02  0.0000E+00  0.0000E+00
  1.1000E+01  4.8000E+02  5.1119E-01  0.0000E+00  0.0000E+00  0.0000E+00  7.0636E-01  0.0000E+00  0.0000E+00
  1.2000E+01  0.0000E+00  1.0000E+00  0.0000E+00  3.0000E+00  0.0000E+00  1.0000E+00  0.0000E+00  0.0000E+00
  1.2000E+01  5.9000E+01  3.9935E-01  0.0000E+00  0.0000E+00  3.0000E+00  6.1218E-03  0.0000E+00  0.0000E+00
  1.2000E+01  8.4000E+01  6.7777E-01  0.0000E+00  0.0000E+00  1.0000E+00  9.8220E-03  0.0000E+00  0.0000E+00
  1.2000E+01  1.2100E+02  5.6234E-01  0.0000E+00  0.0000E+00  3.0000E+00  8.3125E-03  0.0000E+00  0.0000E+00
  1.2000E+01  1.3600E+02  7.9186E-01  0.0000E+00  0.0000E+00  3.0000E+00  1.1287E-02  0.0000E+00  0.0000E+00
  1.2000E+01  1.4100E+02  9.2516E-01  0.0000E+00  0.0000E+00  2.0000E+00  1.2971E-02  0.0000E+00  0.0000E+00
  1.2000E+01  1.4200E+02  9.8456E-01  0.0000E+00  0.0000E+00  2.0000E+00  1.3713E-02  0.0000E+00  0.0000E+00
  1.2000E+01  1.5800E+02  7.7964E-01  0.0000E+00  0.0000E+00  1.0000E+00  1.1131E-02  0.0000E+00  0.0000E+00
  1.2000E+01  4.3200E+02  1.4082E-02  0.0000E+00  0.0000E+00  1.0000E+00  3.0798E-04  0.0000E+00  0.0000E+00
  1.2000E+01  4.8000E+02  4.7389E-01  0.0000E+00  0.0000E+00  0.0000E+00  5.1302E-01  0.0000E+00  0.0000E+00
  1.3000E+01  0.0000E+00  1.0000E+00  1.0000E+01  3.0000E+00  0.0000E+00  1.0000E+00  0.0000E+00  0.0000E+00
  1.3000E+01  7.2000E+01  3.5705E-01  1.0000E+01  0.0000E+00  1.0000E+00  5.1094E-03  0.0000E+00  0.0000E+00
  1.3000E+01  9.3000E+01  7.4053E-01  1.0000E+01  0.0000E+00  3.0000E+00  1.0384E-02  0.0000E+00  0.0000E+00
  1.3000E+01  3.5900E+02  2.2262E-02  1.0000E+01  0.0000E+00  2.0000E+00  3.4422E-04  0.0000E+00  0.0000E+00
  1.3000E+01  3.7400E+02  8.0690E-01  1.0000E+01  0.0000E+00  1.0000E+00  1.1287E-02  0.0000E+00  0.0000E+00
  1.3000E+01  4.4800E+02  3.4698E-01  1.0000E+01  0.0000E+00  2.0000E+00  4.9693E-03  0.0000E+00  0.0000E+00
  1.3000E+01  4.6400E+02  7.9544E-01  1.0000E+01  0.0000E+00  1.0000E+00  1.1131E-02  0.0000E+00  0.0000E+00
  1.3000E+01  4.7300E+02  8.7921E-01  1.0000E+01  0.0000E+00  3.0000E+00  1.2269E-02  0.0000E+00  0.0000E+00
  1.3000E+01  4.8000E+02  9.0472E-01  1.0000E+01  0.0000E+00  0.0000E+00  9.0725E-01  0.0000E+00  0.0000E+00
  1.4000E+01  0.0000E+00  1.0000E+00  1.0000E+01  3.0000E+00  0.0000E+00  1.0000E+00  0.0000E+00  0.0000E+00
  1.4000E+01  2.5000E+01  5.5097E-01  1.0000E+01  0.0000E+00  3.0000E+00  9.8220E-03  0.0000E+00  0.0000E+00
  1.4000E+01  3.5000E+01  7.8786E-01  1.0000E+01  0.0000E+00  3.0000E+00  1.2100E-02  0.0000E+00  0.0000E+00
  1.4000E+01  6.1000E+01  5.3799E-01  1.0000E+01  0.0000E+00  3.0000E+00  9.6864E-03  0.0000E+00  0.0000E+00
  1.4000E+01  9.8000E+01  4.1387E-01  1.0000E+01  0.0000E+00  2.0000E+00  8.3125E-03  0.0000E+00  0.0000E+00
  1.4000E+01  1.0100E+02  9.3097E-01  1.0000E+01  0.0000E+00  1.0000E+00  1.3337E-02  0.0000E+00  0.0000E+00
  1.4000E+01  1.2000E+02  6.3571E-01  1.0000E+01  0.0000E+00  3.0000E+00  1.0677E-02  0.0000E+00  0.0000E+00
  1.4000E+01  1.9700E+02  1.5947E-01  1.0000E+01  0.0000E+00  1.0000E+00  4.7663E-03  0.0000E+00  0.0000E+00
  1.4000E+01  2.0900E+02  7.5118E-01  1.0000E+01  0.0000E+00  3.0000E+00  1.1768E-02  0.0000E+00  0.0000E+00
  1.4000E+01  2.3600E+02  5.2531E-01  1.0000E+01  0.0000E+00  1.0000E+00  9.5526E-03  0.0000E+00  0.0000E+00
  1.4000E+01  2.5100E+02  6.9932E-01  1.0000E+01  0.0000E+00  3.0000E+00  1.1287E-02  0.0000E+00  0.0000E+00
  1.4000E+01  2.6800E+02  6.6676E-01  1.0000E+01  0.0000E+00  3.0000E+00  1.0978E-02  0.0000E+00  0.0000E+00
  1.4000E+01  3.5400E+02  1.2867E-01  1.0000E+01  0.0000E+00  2.0000E+00  4.2056E-03  0.0000E+00  0.0000E+00
  1.4000E+01  3.7300E+02  6.3571E-01  1.0000E+01  0.0000E+00  3.0000E+00  1.0677E-02  0.0000E+00  0.0000E+00
  1.4000E+01  4.1200E+02  3.9460E-01  1.0000E+01  0.0000E+00  1.0000E+00  8.0845E-03  0.0000E+00  0.0000E+00
  1.4000E+01  4.8000E+02  1.9764E-01  1.0000E+01  0.0000E+00  0.0000E+00  3.8847E-01  0.0000E+00  0.0000E+00
  1.5000E+01  0.0000E+00  1.0000E+00  1.0000E+01  3.0000E+00  0.0000E+00  1.0000E+00  0.0000E+00  0.0000E+00
  1.5000E+01  1.1000E+02  1.8062E-01  1.0000E+01  0.0000E+00  3.0000E+00  3.0123E-03  0.0000E+00  0.0000E+00
  1.5000E+01  2.5000E+02  1.1326E-01  1.0000E+01  0.0000E+00  1.0000E+00  1.9849E-03  0.0000E+00  0.0000E+00
  1.5000E+01  3.1500E+02  3.6376E-01  1.0000E+01  0.0000E+00  3.0000E+00  5.6318E-03  0.0000E+00  0.0000E+00
  1.5000E+01  3.8500E+02  3.3654E-01  1.0000E+01  0.0000E+00  1.0000E+00  5.2535E-03  0.0000E+00  0.0000E+00
  1.5000E+01  4.3000E+02  4.9653E-01  1.0000E+01  0.0000E+00  3.0000E+00  7.4374E-03  0.0000E+00  0.0000E+00
  1.5000E+01  4.3400E+02  9.3967E-01  1.0000E+01  0.0000E+00  2.0000E+00  1.3153E-02  0.0000E+00  0.0000E+00
  1.5000E+01  4.5200E+02  7.5575E-01  1.0000E+01  0.0000E+00  1.0000E+00  1.0826E-02  0.0000E+00  0.0000E+00
  1.5000E+01  4.5400E+02  9.6936E-01  1.0000E+01  0.0000E+00  3.0000E+00  1.3524E-02  0.0000E+00  0.0000E+00
  1.5000E+01  4.8000E+02  6.6731E-01  1.0000E+01  0.0000E+00  0.0000E+00  6.9661E-01  0.0000E+00  0.0000E+00
  1.6000E+01  0.0000E+00  1.0000E+00  1.0000E+01  3.0000E+00  0.0000E+00  1.0000E+00  0.0000E+00  0.0000E+00
  1.6000E+01  2.3300E+02  6.2065E-02  1.0000E+01  0.0000E+00  1.0000E+00  5.4465E-04  0.0000E+00  0.0000E+00
  1.6000E+01  2.4200E+02  8.9820E-01  1.0000E+01  0.0000E+00  1.0000E+00  1.2269E-02  0.0000E+00  0.0000E+00
  1.6000E+01  3.1900E+02  3.9909E-01  1.0000E+01  0.0000E+00  1.0000E+00  4.7663E-03  0.0000E+00  0.0000E+00
  1.6000E+01  3.3100E+02  8.6662E-01  1.0000E+01  0.0000E+00  1.0000E+00  1.1768E-02  0.0000E+00  0.0000E+00
  1.6000E+01  4.1100E+02  3.8506E-01  1.0000E+01  0.0000E+00  1.0000E+00  4.5715E-03  0.0000E+00  0.0000E+00
  1.6000E+01  4.8000E+02  4.3905E-01  1.0000E+01  0.0000E+00  0.0000E+00  3.8311E-01  0.0000E+00  0.0000E+00
  1.7000E+01  0.0000E+00  1.0000E+00  1.0000E+01  3.0000E+00  0.0000E+00  1.0000E+00  0.0000E+00  0.0000E+00
  1.7000E+01  4.8000E+01  3.9122E-01  1.0000E+01  0.0000E+00  3.0000E+00  7.1335E-03  0.0000E+00  0.0000E+00
  1.7000E+01  8.5000E+01  4.8509E-01  1.0000E+01  0.0000E+00  1.0000E+00  8.3125E-03  0.0000E+00  0.0000E+00
  1.7000E+01  1.2500E+02  4.5746E-01  1.0000E+01  0.0000E+00  2.0000E+00  7.9729E-03  0.0000E+00  0.0000E+00
  1.7000E+01  1.6700E+02  4.3991E-01  1.0000E+01  0.0000E+00  1.0000E+00  7.7542E-03  0.0000E+00  0.0000E+00
  1.7000E+01  1.8400E+02  7.1721E-01  1.0000E+01  0.0000E+00  3.0000E+00  1.0978E-02  0.0000E+00  0.0000E+00
  1.7000E+01  2.2300E+02  4.6649E-01  1.0000E+01  0.0000E+00  1.0000E+00  8.0845E-03  0.0000E+00  0.0000E+00
  1.7000E+01  2.6700E+02  4.2304E-01  1.0000E+01  0.0000E+00  2.0000E+00  7.5416E-03  0.0000E+00  0.0000E+00
  1.7000E+01  3.4200E+02  2.3076E-01  1.0000E+01  0.0000E+00  3.0000E+00  4.9007E-03  0.0000E+00  0.0000E+00
  1.7000E+01  3.5200E+02  8.2241E-01  1.0000E+01  0.0000E+00  1.0000E+00  1.2100E-02  0.0000E+00  0.0000E+00
  1.7000E+01  4.1900E+02  2.6983E-01  1.0000E+01  0.0000E+00  3.0000E+00  5.4773E-03  0.0000E+00  0.0000E+00
  1.7000E+01  4.6400E+02  4.1485E-01  1.0000E+01  0.0000E+00  1.0000E+00  7.4374E-03  0.0000E+00  0.0000E+00
  1.7000E+01  4.8000E+02  7.3137E-01  1.0000E+01  0.0000E+00  0.0000E+00  8.0053E-01  0.0000E+00  0.0000E+00
  1.8000E+01  0.0000E+00  1.0000E+00  1.0000E+01  3.0000E+00  0.0000E+00  1.0000E+00  0.0000E+00  0.0000E+00
  1.8000E+01  1.1000E+01  8.8784E-01  1.0000E+01  0.0000E+00  3.0000E+00  1.1933E-02  0.0000E+00  0.0000E+00
  1.8000E+01  1.9100E+02  1.4275E-01  1.0000E+01  0.0000E+00  3.0000E+00  1.1381E-03  0.0000E+00  0.0000E+00
  1.8000E+01  2.7900E+02  3.8609E-01  1.0000E+01  0.0000E+00  1.0000E+00  4.0903E-03  0.0000E+00  0.0000E+00
  1.8000E+01  4.4800E+02  1.6079E-01  1.0000E+01  0.0000E+00  2.0000E+00  1.3262E-03  0.0000E+00  0.0000E+00
  1.8000E+01  4.8000E+02  7.0746E-01  1.0000E+01  0.0000E+00  0.0000E+00  6.4085E-01  0.0000E+00  0.0000E+00
  1.9000E+01  0.0000E+00  1.0000E+00  1.0000E+01  3.0000E+00  0.0000E+00  1.0000E+00  0.0000E+00  0.0000E+00
  1.9000E+01  6.6000E+01  4.8979E-01  1.0000E+01  0.0000E+00  2.0000E+00  5.5540E-03  0.0000E+00  0.0000E+00
  1.9000E+01  1.5100E+02  3.9882E-01  1.0000E+01  0.0000E+00  1.0000E+00  4.2645E-03  0.0000E+00  0.0000E+00
  1.9000E+01  1.5600E+02  9.4736E-01  1.0000E+01  0.0000E+00  2.0000E+00  1.2971E-02  0.0000E+00  0.0000E+00
  1.9000E+01  3.3300E+02  1.4746E-01  1.0000E+01  0.0000E+00  3.0000E+00  1.1866E-03  0.0000E+00  0.0000E+00
  1.9000E+01  4.8000E+02  2.0397E-01  1.0000E+01  0.0000E+00  0.0000E+00  1.2951E-01  0.0000E+00  0.0000E+00
  2.0000E+01  0.0000E+00  1.0000E+00  1.0000E+01  3.0000E+00  0.0000E+00  1.0000E+00  0.0000E+00  0.0000E+00
  2.0000E+01  3.0000E+00  9.3097E-01  1.0000E+01  0.0000E+00  1.0000E+00  1.3337E-02  0.0000E+00  0.0000E+00
  2.0000E+01  2.2000E+01  6.3571E-01  1.0000E+01  0.0000E+00  3.0000E+00  1.0677E-02  0.0000E+00  0.0000E+00
  2.0000E+01  5.4000E+01  4.6628E-01  1.0000E+01  0.0000E+00  3.0000E+00  8.9110E-03  0.0000E+00  0.0000E+00
  2.0000E+01  7.1000E+01  6.6676E-01  1.0000E+01  0.0000E+00  3.0000E+00  1.0978E-02  0.0000E+00  0.0000E+00
  2.0000E+01  3.0000E+02  4.2533E-03  1.0000E+01  0.0000E+00  3.0000E+00  5.7580E-04  0.0000E+00  0.0000E+00
  2.0000E+01  3.3300E+02  4.5529E-01  1.0000E+01  0.0000E+00  1.0000E+00  8.7880E-03  0.0000E+00  0.0000E+00
  2.0000E+01  3.5300E+02  6.2073E-01  1.0000E+01  0.0000E+00  3.0000E+00  1.0529E-02  0.0000E+00  0.0000E+00
  2.0000E+01  3.6900E+02  6.8284E-01  1.0000E+01  0.0000E+00  3.0000E+00  1.1131E-02  0.0000E+00  0.0000E+00
  2.0000E+01  4.0000E+02  4.7753E-01  1.0000E+01  0.0000E+00  1.0000E+00  9.0358E-03  0.0000E+00  0.0000E+00
  2.0000E+01  4.1300E+02  7.3348E-01  1.0000E+01  0.0000E+00  1.0000E+00  1.1606E-02  0.0000E+00  0.0000E+00
  2.0000E+01  4.3300E+02  6.2073E-01  1.0000E+01  0.0000E+00  3.0000E+00  1.0529E-02  0.0000E+00  0.0000E+00
  2.0000E+01  4.3700E+02  9.0903E-01  1.0000E+01  0.0000E+00  2.0000E+00  1.3153E-02  0.0000E+00  0.0000E+00
  2.0000E+01  4.5600E+02  6.3571E-01  1.0000E+01  0.0000E+00  1.0000E+00  1.0677E-02  0.0000E+00  0.0000E+00
  2.0000E+01  4.7500E+02  6.3571E-01  1.0000E+01  0.0000E+00  1.0000E+00  1.0677E-02  0.0000E+00  0.0000E+00
  2.0000E+01  4.8000E+02  8.8762E-01  1.0000E+01  0.0000E+00  0.0000E+00  9.3284E-01  0.0000E+00  0.0000E+00
  2.1000E+01  0.0000E+00  1.0000E+00  1.0000E+01  3.0000E+00  0.0000E+00  1.0000E+00  0.0000E+00  0.0000E+00
  2.1000E+01  1.5000E+01  7.4581E-01  1.0000E+01  0.0000E+00  3.0000E+00  1.1287E-02  0.0000E+00  0.0000E+00
  2.1000E+01  2.0000E+01  9.0687E-01  1.0000E+01  0.0000E+00  1.0000E+00  1.2971E-02  0.0000E+00  0.0000E+00
  2.1000E+01  3.4000E+01  7.6054E-01  1.0000E+01  0.0000E+00  3.0000E+00  1.1445E-02  0.0000E+00  0.0000E+00
  2.1000E+01  1.1400E+02  2.0927E-01  1.0000E+01  0.0000E+00  2.0000E+00  4.5715E-03  0.0000E+00  0.0000E+00
  2.1000E+01  1.8200E+02  2.6460E-01  1.0000E+01  0.0000E+00  1.0000E+00  5.4017E-03  0.0000E+00  0.0000E+00
  2.1000E+01  2.3700E+02  3.4118E-01  1.0000E+01  0.0000E+00  1.0000E+00  6.4719E-03  0.0000E+00  0.0000E+00
  2.1000E+01  3.2300E+02  1.8610E-01  1.0000E+01  0.0000E+00  2.0000E+00  4.2056E-03  0.0000E+00  0.0000E+00
  2.1000E+01  3.2500E+02  9.6165E-01  1.0000E+01  0.0000E+00  1.0000E+00  1.3524E-02  0.0000E+00  0.0000E+00
  2.1000E+01  3.5300E+02  5.7842E-01  1.0000E+01  0.0000E+00  1.0000E+00  9.4207E-03  0.0000E+00  0.0000E+00
  2.1000E+01  3.9500E+02  4.3991E-01  1.0000E+01  0.0000E+00  3.0000E+00  7.7542E-03  0.0000E+00  0.0000E+00
  2.1000E+01  4.6300E+02  2.6460E-01  1.0000E+01  0.0000E+00  3.0000E+00  5.4017E-03  0.0000E+00  0.0000E+00
  2.1000E+01  4.8000E+02  7.1721E-01  1.0000E+01  0.0000E+00  0.0000E+00  7.8948E-01  0.0000E+00  0.0000E+00
  2.2000E+01  0.0000E+00  1.0000E+00  1.0000E+01  3.0000E+00  0.0000E+00  1.0000E+00  0.0000E+00  0.0000E+00
  2.2000E+01  2.9100E+02  4.2978E-02  1.0000E+01  0.0000E+00  3.0000E+00  2.4314E-04  0.0000E+00  0.0000E+00
  2.2000E+01  3.4200E+02  5.7606E-01  1.0000E+01  0.0000E+00  3.0000E+00  6.8421E-03  0.0000E+00  0.0000E+00
  2.2000E+01  3.8600E+02  6.2136E-01  1.0000E+01  0.0000E+00  3.0000E+00  7.5416E-03  0.0000E+00  0.0000E+00
  2.2000E+01  4.6000E+02  4.4920E-01  1.0000E+01  0.0000E+00  3.0000E+00  4.9693E-03  0.0000E+00  0.0000E+00
  2.2000E+01  4.8000E+02  8.0550E-01  1.0000E+01  0.0000E+00  0.0000E+00  7.5722E-01  0.0000E+00  0.0000E+00
  2.3000E+01  0.0000E+00  1.0000E+00  1.0000E+01  3.0000E+00  0.0000E+00  1.0000E+00  0.0000E+00  0.0000E+00
  2.3000E+01  4.9000E+01  4.6658E-01  1.0000E+01  0.0000E+00  1.0000E+00  7.0350E-03  0.0000E+00  0.0000E+00
  2.3000E+01  8.5000E+01  5.7116E-01  1.0000E+01  0.0000E+00  3.0000E+00  8.4289E-03  0.0000E+00  0.0000E+00
  2.3000E+01  1.3600E+02  4.5228E-01  1.0000E+01  0.0000E+00  3.0000E+00  6.8421E-03  0.0000E+00  0.0000E+00
  2.3000E+01  2.2700E+02  2.4274E-01  1.0000E+01  0.0000E+00  3.0000E+00  3.9231E-03  0.0000E+00  0.0000E+00
  2.3000E+01  2.4000E+02  8.1689E-01  1.0000E+01  0.0000E+00  3.0000E+00  1.1606E-02  0.0000E+00  0.0000E+00
  2.3000E+01  2.4100E+02  9.8456E-01  1.0000E+01  0.0000E+00  1.0000E+00  1.3713E-02  0.0000E+00  0.0000E+00
  2.3000E+01  2.4700E+02  9.1088E-01  1.0000E+01  0.0000E+00  3.0000E+00  1.2792E-02  0.0000E+00  0.0000E+00
  2.3000E+01  4.3400E+02  5.4513E-02  1.0000E+01  0.0000E+00  1.0000E+00  1.0325E-03  0.0000E+00  0.0000E+00
  2.3000E+01  4.8000E+02  4.8887E-01  1.0000E+01  0.0000E+00  0.0000E+00  5.2749E-01  0.0000E+00  0.0000E+00
  2.4000E+01  0.0000E+00  1.0000E+00  1.0000E+01  3.0000E+00  0.0000E+00  1.0000E+00  0.0000E+00  0.0000E+00
  2.4000E+01  1.7800E+02  1.4587E-01  1.0000E+01  0.0000E+00  2.0000E+00  1.1702E-03  0.0000E+00  0.0000E+00
  2.4000E+01  3.2100E+02  2.1299E-01  1.0000E+01  0.0000E+00  1.0000E+00  1.9038E-03  0.0000E+00  0.0000E+00
  2.4000E+01  3.3900E+02  8.2311E-01  1.0000E+01  0.0000E+00  2.0000E+00  1.0826E-02  0.0000E+00  0.0000E+00
  2.4000E+01  3.4300E+02  9.5766E-01  1.0000E+01  0.0000E+00  1.0000E+00  1.3153E-02  0.0000E+00  0.0000E+00
  2.4000E+01  4.8000E+02  2.2727E-01  1.0000E+01  0.0000E+00  0.0000E+00  1.4882E-01  0.0000E+00  0.0000E+00
  2.5000E+01  0.0000E+00  1.0000E+00  5.0000E+01  3.0000E+00  0.0000E+00  1.0000E+00  0.0000E+00  0.0000E+00
  2.5000E+01  6.2000E+01  2.9754E-01  5.0000E+01  0.0000E+00  1.0000E+00  5.8717E-03  0.0000E+00  0.0000E+00
  2.5000E+01  8.8000E+01  6.0149E-01  5.0000E+01  0.0000E+00  1.0000E+00  9.6864E-03  0.0000E+00  0.0000E+00
  2.5000E+01  2.2400E+02  7.0014E-02  5.0000E+01  0.0000E+00  3.0000E+00  2.0984E-03  0.0000E+00  0.0000E+00
  2.5000E+01  2.6500E+02  4.4860E-01  5.0000E+01  0.0000E+00  3.0000E+00  7.8628E-03  0.0000E+00  0.0000E+00
  2.5000E+01  3.4300E+02  2.1761E-01  5.0000E+01  0.0000E+00  2.0000E+00  4.7005E-03  0.0000E+00  0.0000E+00
  2.5000E+01  3.5000E+02  8.7209E-01  5.0000E+01  0.0000E+00  1.0000E+00  1.2615E-02  0.0000E+00  0.0000E+00
  2.5000E+01  3.5400E+02  9.2477E-01  5.0000E+01  0.0000E+00  3.0000E+00  1.3153E-02  0.0000E+00  0.0000E+00
  2.5000E+01  3.8900E+02  5.0443E-01  5.0000E+01  0.0000E+00  1.0000E+00  8.5469E-03  0.0000E+00  0.0000E+00
  2.5000E+01  3.9400E+02  9.0687E-01  5.0000E+01  0.0000E+00  1.0000E+00  1.2971E-02  0.0000E+00  0.0000E+00
  2.5000E+01  4.3600E+02  4.3991E-01  5.0000E+01  0.0000E+00  3.0000E+00  7.7542E-03  0.0000E+00  0.0000E+00
  2.5000E+01  4.4600E+02  8.2241E-01  5.0000E+01  0.0000E+00  1.0000E+00  1.2100E-02  0.0000E+00  0.0000E+00
  2.5000E+01  4.8000E+02  5.1439E-01  5.0000E+01  0.0000E+00  0.0000E+00  6.2327E-01  0.0000E+00  0.0000E+00
  2.6000E+01  0.0000E+00  1.0000E+00  5.0000E+01  3.0000E+00  0.0000E+00  1.0000E+00  0.0000E+00  0.0000E+00
  2.6000E+01  8.0000E+00  8.7388E-01  5.0000E+01  0.0000E+00  1.0000E+00  1.2441E-02  0.0000E+00  0.0000E+00
  2.6000E+01  8.5000E+01  2.7318E-01  5.0000E+01  0.0000E+00  1.0000E+00  4.7663E-03  0.0000E+00  0.0000E+00
  2.6000E+01  2.2000E+02  1.0279E-01  5.0000E+01  0.0000E+00  3.0000E+00  2.1278E-03  0.0000E+00  0.0000E+00
  2.6000E+01  2.6900E+02  4.3790E-01  5.0000E+01  0.0000E+00  3.0000E+00  7.0350E-03  0.0000E+00  0.0000E+00
  2.6000E+01  2.7700E+02  8.7388E-01  5.0000E+01  0.0000E+00  1.0000E+00  1.2441E-02  0.0000E+00  0.0000E+00
  2.6000E+01  3.1100E+02  5.6385E-01  5.0000E+01  0.0000E+00  1.0000E+00  8.6666E-03  0.0000E+00  0.0000E+00
  2.6000E+01  3.5200E+02  5.0110E-01  5.0000E+01  0.0000E+00  3.0000E+00  7.8628E-03  0.0000E+00  0.0000E+00
  2.6000E+01  4.0800E+02  3.8918E-01  5.0000E+01  0.0000E+00  3.0000E+00  6.3826E-03  0.0000E+00  0.0000E+00
  2.6000E+01  4.7900E+02  3.0225E-01  5.0000E+01  0.0000E+00  3.0000E+00  5.1810E-03  0.0000E+00  0.0000E+00
  2.6000E+01  4.8000E+02  9.8329E-01  5.0000E+01  0.0000E+00  0.0000E+00  9.8619E-01  0.0000E+00  0.0000E+00
  2.7000E+01  0.0000E+00  1.0000E+00  5.0000E+01  3.0000E+00  0.0000E+00  1.0000E+00  0.0000E+00  0.0000E+00
  2.7000E+01  2.1000E+01  6.8258E-01  5.0000E+01  0.0000E+00  1.0000E+00  1.0384E-02  0.0000E+00  0.0000E+00
  2.7000E+01  9.3000E+01  2.7002E-01  5.0000E+01  0.0000E+00  1.0000E+00  5.1094E-03  0.0000E+00  0.0000E+00
  2.7000E+01  1.8000E+02  2.0555E-01  5.0000E+01  0.0000E+00  1.0000E+00  4.1475E-03  0.0000E+00  0.0000E+00
  2.7000E+01  2.0200E+02  6.7028E-01  5.0000E+01  0.0000E+00  2.0000E+00  1.0240E-02  0.0000E+00  0.0000E+00
  2.7000E+01  2.2800E+02  6.2326E-01  5.0000E+01  0.0000E+00  1.0000E+00  9.6864E-03  0.0000E+00  0.0000E+00
  2.7000E+01  2.7700E+02  4.1023E-01  5.0000E+01  0.0000E+00  1.0000E+00  7.0350E-03  0.0000E+00  0.0000E+00
  2.7000E+01  3.2800E+02  3.9558E-01  5.0000E+01  0.0000E+00  1.0000E+00  6.8421E-03  0.0000E+00  0.0000E+00
  2.7000E+01  3.6200E+02  5.3888E-01  5.0000E+01  0.0000E+00  1.0000E+00  8.6666E-03  0.0000E+00  0.0000E+00
  2.7000E+01  4.3500E+02  2.6515E-01  5.0000E+01  0.0000E+00  1.0000E+00  5.0389E-03  0.0000E+00  0.0000E+00
  2.7000E+01  4.7400E+02  4.9204E-01  5.0000E+01  0.0000E+00  3.0000E+00  8.0845E-03  0.0000E+00  0.0000E+00
  2.7000E+01  4.8000E+02  8.9663E-01  5.0000E+01  0.0000E+00  0.0000E+00  9.1996E-01  0.0000E+00  0.0000E+00
  2.8000E+01  0.0000E+00  1.0000E+00  5.0000E+01  3.0000E+00  0.0000E+00  1.0000E+00  0.0000E+00  0.0000E+00
  2.8000E+01  7.8000E+01  4.3018E-01  5.0000E+01  0.0000E+00  1.0000E+00  4.7005E-03  0.0000E+00  0.0000E+00
  2.8000E+01  2.1600E+02  2.2483E-01  5.0000E+01  0.0000E+00  1.0000E+00  2.0408E-03  0.0000E+00  0.0000E+00
  2.8000E+01  2.6500E+02  5.8865E-01  5.0000E+01  0.0000E+00  3.0000E+00  7.0350E-03  0.0000E+00  0.0000E+00
  2.8000E+01  3.5200E+02  3.9028E-01  5.0000E+01  0.0000E+00  2.0000E+00  4.1475E-03  0.0000E+00  0.0000E+00
  2.8000E+01  4.8000E+02  2.5050E-01  5.0000E+01  0.0000E+00  0.0000E+00  1.6867E-01  0.0000E+00  0.0000E+00
  2.9000E+01  0.0000E+00  1.0000E+00  5.0000E+01  3.0000E+00  0.0000E+00  1.0000E+00  0.0000E+00  0.0000E+00
  2.9000E+01  6.9000E+01  4.3905E-01  5.0000E+01  0.0000E+00  3.0000E+00  5.3271E-03  0.0000E+00  0.0000E+00
  2.9000E+01  3.2000E+02  5.0072E-02  5.0000E+01  0.0000E+00  1.0000E+00  4.2405E-04  0.0000E+00  0.0000E+00
  2.9000E+01  3.4100E+02  7.7840E-01  5.0000E+01  0.0000E+00  2.0000E+00  1.0384E-02  0.0000E+00  0.0000E+00
  2.9000E+01  3.4400E+02  9.6484E-01  5.0000E+01  0.0000E+00  3.0000E+00  1.3337E-02  0.0000E+00  0.0000E+00
  2.9000E+01  4.5100E+02  2.7902E-01  5.0000E+01  0.0000E+00  1.0000E+00  3.1406E-03  0.0000E+00  0.0000E+00
  2.9000E+01  4.8000E+02  7.0754E-01  5.0000E+01  0.0000E+00  0.0000E+00  6.6815E-01  0.0000E+00  0.0000E+00
  3.0000E+01  0.0000E+00  1.0000E+00  5.0000E+01  3.0000E+00  0.0000E+00  1.0000E+00  0.0000E+00  0.0000E+00
  3.0000E+01  2.4400E+02  4.0973E-02  5.0000E+01  0.0000E+00  3.0000E+00  4.6740E-04  0.0000E+00  0.0000E+00
  3.0000E+01  2.6400E+02  7.6961E-01  5.0000E+01  0.0000E+00  1.0000E+00  1.0529E-02  0.0000E+00  0.0000E+00
  3.0000E+01  2.7400E+02  8.7727E-01  5.0000E+01  0.0000E+00  1.0000E+00  1.2100E-02  0.0000E+00  0.0000E+00
  3.0000E+01  3.8600E+02  2.3074E-01  5.0000E+01  0.0000E+00  2.0000E+00  2.9297E-03  0.0000E+00  0.0000E+00
  3.0000E+01  4.4300E+02  4.7410E-01  5.0000E+01  0.0000E+00  3.0000E+00  6.2944E-03  0.0000E+00  0.0000E+00
  3.0000E+01  4.4700E+02  9.4897E-01  5.0000E+01  0.0000E+00  3.0000E+00  1.3153E-02  0.0000E+00  0.0000E+00
  3.0000E+01  4.8000E+02  6.4915E-01  5.0000E+01  0.0000E+00  0.0000E+00  6.3200E-01  0.0000E+00  0.0000E+00
  3.1000E+01  0.0000E+00  1.0000E+00  5.0000E+01  3.0000E+00  0.0000E+00  1.0000E+00  0.0000E+00  0.0000E+00
  3.1000E+01  4.0000E+00  9.3481E-01  5.0000E+01  0.0000E+00  1.0000E+00  1.3153E-02  0.0000E+00  0.0000E+00
  3.1000E+01  2.4800E+02  1.6376E-02  5.0000E+01  0.0000E+00  2.0000E+00  4.6740E-04  0.0000E+00  0.0000E+00
  3.1000E+01  3.4300E+02  2.0170E-01  5.0000E+01  0.0000E+00  3.0000E+00  3.7109E-03  0.0000E+00  0.0000E+00
  3.1000E+01  3.8000E+02  5.3605E-01  5.0000E+01  0.0000E+00  1.0000E+00  8.3125E-03  0.0000E+00  0.0000E+00
  3.1000E+01  3.9600E+02  7.6366E-01  5.0000E+01  0.0000E+00  3.0000E+00  1.1131E-02  0.0000E+00  0.0000E+00
  3.1000E+01  4.3700E+02  5.0110E-01  5.0000E+01  0.0000E+00  1.0000E+00  7.8628E-03  0.0000E+00  0.0000E+00
  3.1000E+01  4.4500E+02  8.7388E-01  5.0000E+01  0.0000E+00  3.0000E+00  1.2441E-02  0.0000E+00  0.0000E+00
  3.1000E+01  4.5200E+02  8.8873E-01  5.0000E+01  0.0000E+00  3.0000E+00  1.2615E-02  0.0000E+00  0.0000E+00
  3.1000E+01  4.7200E+02  7.1388E-01  5.0000E+01  0.0000E+00  3.0000E+00  1.0529E-02  0.0000E+00  0.0000E+00
  3.1000E+01  4.8000E+02  8.7388E-01  5.0000E+01  0.0000E+00  0.0000E+00  8.9472E-01  0.0000E+00  0.0000E+00
  3.2000E+01  0.0000E+00  1.0000E+00  5.0000E+01  3.0000E+00  0.0000E+00  1.0000E+00  0.0000E+00  0.0000E+00
  3.2000E+01  2.3000E+02  2.7923E-02  5.0000E+01  0.0000E+00  1.0000E+00  5.6785E-04  0.0000E+00  0.0000E+00
  3.2000E+01  2.3500E+02  9.2516E-01  5.0000E+01  0.0000E+00  3.0000E+00  1.2971E-02  0.0000E+00  0.0000E+00
  3.2000E+01  2.3600E+02  9.8456E-01  5.0000E+01  0.0000E+00  3.0000E+00  1.3713E-02  0.0000E+00  0.0000E+00
  3.2000E+01  2.4500E+02  8.6934E-01  5.0000E+01  0.0000E+00  2.0000E+00  1.2269E-02  0.0000E+00  0.0000E+00
  3.2000E+01  3.5000E+02  1.9523E-01  5.0000E+01  0.0000E+00  1.0000E+00  3.2292E-03  0.0000E+00  0.0000E+00
  3.2000E+01  3.9900E+02  4.6658E-01  5.0000E+01  0.0000E+00  3.0000E+00  7.0350E-03  0.0000E+00  0.0000E+00
  3.2000E+01  4.0400E+02  9.2516E-01  5.0000E+01  0.0000E+00  2.0000E+00  1.2971E-02  0.0000E+00  0.0000E+00
  3.2000E+01  4.4100E+02  5.6234E-01  5.0000E+01  0.0000E+00  3.0000E+00  8.3125E-03  0.0000E+00  0.0000E+00
  3.2000E+01  4.8000E+02  5.4512E-01  5.0000E+01  0.0000E+00  0.0000E+00  5.8141E-01  0.0000E+00  0.0000E+00
  3.3000E+01  0.0000E+00  1.0000E+00  5.0000E+01  3.0000E+00  0.0000E+00  1.0000E+00  0.0000E+00  0.0000E+00
  3.3000E+01  1.4700E+02  1.0157E-01  5.0000E+01  0.0000E+00  1.0000E+00  1.8008E-03  0.0000E+00  0.0000E+00
  3.3000E+01  1.8500E+02  5.5366E-01  5.0000E+01  0.0000E+00  1.0000E+00  8.1977E-03  0.0000E+00  0.0000E+00
  3.3000E+01  2.5300E+02  3.4717E-01  5.0000E+01  0.0000E+00  3.0000E+00  5.4017E-03  0.0000E+00  0.0000E+00
  3.3000E+01  3.2600E+02  3.2119E-01  5.0000E+01  0.0000E+00  3.0000E+00  5.0389E-03  0.0000E+00  0.0000E+00
  3.3000E+01  3.5500E+02  6.3688E-01  5.0000E+01  0.0000E+00  2.0000E+00  9.2906E-03  0.0000E+00  0.0000E+00
  3.3000E+01  3.6100E+02  9.1088E-01  5.0000E+01  0.0000E+00  1.0000E+00  1.2792E-02  0.0000E+00  0.0000E+00
  3.3000E+01  4.2900E+02  3.4717E-01  5.0000E+01  0.0000E+00  3.0000E+00  5.4017E-03  0.0000E+00  0.0000E+00
  3.3000E+01  4.7600E+02  4.8132E-01  5.0000E+01  0.0000E+00  1.0000E+00  7.2334E-03  0.0000E+00  0.0000E+00
  3.3000E+01  4.8000E+02  9.3967E-01  5.0000E+01  0.0000E+00  0.0000E+00  9.4590E-01  0.0000E+00  0.0000E+00
  3.4000E+01  0.0000E+00  1.0000E+00  5.0000E+01  3.0000E+00  0.0000E+00  1.0000E+00  0.0000E+00  0.0000E+00
  3.4000E+01  2.0000E+01  6.9511E-01  5.0000E+01  0.0000E+00  1.0000E+00  1.0529E-02  0.0000E+00  0.0000E+00
  3.4000E+01  5.3000E+01  5.4876E-01  5.0000E+01  0.0000E+00  1.0000E+00  8.7880E-03  0.0000E+00  0.0000E+00
  3.4000E+01  2.5800E+02  2.4046E-02  5.0000E+01  0.0000E+00  1.0000E+00  8.0390E-04  0.0000E+00  0.0000E+00
  3.4000E+01  3.0400E+02  4.3323E-01  5.0000E+01  0.0000E+00  1.0000E+00  7.3347E-03  0.0000E+00  0.0000E+00
  3.4000E+01  3.3500E+02  5.6909E-01  5.0000E+01  0.0000E+00  2.0000E+00  9.0358E-03  0.0000E+00  0.0000E+00
  3.4000E+01  3.8100E+02  4.3323E-01  5.0000E+01  0.0000E+00  1.0000E+00  7.3347E-03  0.0000E+00  0.0000E+00
  3.4000E+01  3.8600E+02  9.1309E-01  5.0000E+01  0.0000E+00  1.0000E+00  1.2971E-02  0.0000E+00  0.0000E+00
  3.4000E+01  4.0800E+02  6.7028E-01  5.0000E+01  0.0000E+00  1.0000E+00  1.0240E-02  0.0000E+00  0.0000E+00
  3.4000E+01  4.3000E+02  6.7028E-01  5.0000E+01  0.0000E+00  1.0000E+00  1.0240E-02  0.0000E+00  0.0000E+00
  3.4000E+01  4.3300E+02  9.4691E-01  5.0000E+01  0.0000E+00  1.0000E+00  1.3337E-02  0.0000E+00  0.0000E+00
  3.4000E+01  4.8000E+02  4.2542E-01  5.0000E+01  0.0000E+00  0.0000E+00  5.2020E-01  0.0000E+00  0.0000E+00
  3.5000E+01  0.0000E+00  1.0000E+00  5.0000E+01  3.0000E+00  0.0000E+00  1.0000E+00  0.0000E+00  0.0000E+00
  3.5000E+01  6.0000E+00  9.3717E-01  5.0000E+01  0.0000E+00  1.0000E+00  1.2792E-02  0.0000E+00  0.0000E+00
  3.5000E+01  2.4900E+02  7.2225E-02  5.0000E+01  0.0000E+00  1.0000E+00  4.7394E-04  0.0000E+00  0.0000E+00
  3.5000E+01  2.6100E+02  8.7829E-01  5.0000E+01  0.0000E+00  1.0000E+00  1.1768E-02  0.0000E+00  0.0000E+00
  3.5000E+01  4.5300E+02  1.2538E-01  5.0000E+01  0.0000E+00  3.0000E+00  9.6318E-04  0.0000E+00  0.0000E+00
  3.5000E+01  4.8000E+02  7.4677E-01  5.0000E+01  0.0000E+00  0.0000E+00  6.8699E-01  0.0000E+00  0.0000E+00
  3.6000E+01  0.0000E+00  1.0000E+00  5.0000E+01  3.0000E+00  0.0000E+00  1.0000E+00  0.0000E+00  0.0000E+00
  3.6000E+01  9.0000E+00  8.1754E-01  5.0000E+01  0.0000E+00  3.0000E+00  1.2269E-02  0.0000E+00  0.0000E+00
  3.6000E+01  4.5000E+01  4.4673E-01  5.0000E+01  0.0000E+00  1.0000E+00  8.4289E-03  0.0000E+00  0.0000E+00
  3.6000E+01  1.3800E+02  1.2472E-01  5.0000E+01  0.0000E+00  1.0000E+00  3.8155E-03  0.0000E+00  0.0000E+00
  3.6000E+01  1.5700E+02  6.5358E-01  5.0000E+01  0.0000E+00  1.0000E+00  1.0677E-02  0.0000E+00  0.0000E+00
  3.6000E+01  1.9100E+02  4.6718E-01  5.0000E+01  0.0000E+00  1.0000E+00  8.6666E-03  0.0000E+00  0.0000E+00
  3.6000E+01  2.4400E+02  3.0534E-01  5.0000E+01  0.0000E+00  3.0000E+00  6.6544E-03  0.0000E+00  0.0000E+00
  3.6000E+01  2.9500E+02  3.1932E-01  5.0000E+01  0.0000E+00  1.0000E+00  6.8421E-03  0.0000E+00  0.0000E+00
  3.6000E+01  3.2000E+02  5.7145E-01  5.0000E+01  0.0000E+00  1.0000E+00  9.8220E-03  0.0000E+00  0.0000E+00
  3.6000E+01  3.2100E+02  9.7787E-01  5.0000E+01  0.0000E+00  3.0000E+00  1.3713E-02  0.0000E+00  0.0000E+00
  3.6000E+01  3.2300E+02  9.5622E-01  5.0000E+01  0.0000E+00  2.0000E+00  1.3524E-02  0.0000E+00  0.0000E+00
  3.6000E+01  3.4100E+02  6.6838E-01  5.0000E+01  0.0000E+00  2.0000E+00  1.0826E-02  0.0000E+00  0.0000E+00
  3.6000E+01  3.7600E+02  4.5684E-01  5.0000E+01  0.0000E+00  2.0000E+00  8.5469E-03  0.0000E+00  0.0000E+00
  3.6000E+01  4.5500E+02  1.7063E-01  5.0000E+01  0.0000E+00  3.0000E+00  4.6355E-03  0.0000E+00  0.0000E+00
  3.6000E+01  4.8000E+02  5.7145E-01  5.0000E+01  0.0000E+00  0.0000E+00  7.0636E-01  0.0000E+00  0.0000E+00
  3.7000E+01  0.0000E+00  1.0000E+00  2.0000E+02  3.0000E+00  0.0000E+00  1.0000E+00  0.0000E+00  0.0000E+00
  3.7000E+01  2.7600E+02  8.9489E-02  2.0000E+02  0.0000E+00  3.0000E+00  2.9953E-04  0.0000E+00  0.0000E+00
  3.7000E+01  2.8100E+02  9.5722E-01  2.0000E+02  0.0000E+00  1.0000E+00  1.2971E-02  0.0000E+00  0.0000E+00
  3.7000E+01  4.8000E+02  1.7547E-01  2.0000E+02  0.0000E+00  0.0000E+00  6.2844E-02  0.0000E+00  0.0000E+00
  3.8000E+01  0.0000E+00  1.0000E+00  2.0000E+02  3.0000E+00  0.0000E+00  1.0000E+00  0.0000E+00  0.0000E+00
  3.8000E+01  9.9000E+01  1.8855E-01  2.0000E+02  0.0000E+00  1.0000E+00  3.5101E-03  0.0000E+00  0.0000E+00
  3.8000E+01  1.2500E+02  6.4522E-01  2.0000E+02  0.0000E+00  1.0000E+00  9.6864E-03  0.0000E+00  0.0000E+00
  3.8000E+01  1.8700E+02  3.5175E-01  2.0000E+02  0.0000E+00  1.0000E+00  5.8717E-03  0.0000E+00  0.0000E+00
  3.8000E+01  2.3300E+02  4.6061E-01  2.0000E+02  0.0000E+00  1.0000E+00  7.3347E-03  0.0000E+00  0.0000E+00
  3.8000E+01  2.5600E+02  6.7868E-01  2.0000E+02  0.0000E+00  1.0000E+00  1.0099E-02  0.0000E+00  0.0000E+00
  3.8000E+01  3.2300E+02  3.2332E-01  2.0000E+02  0.0000E+00  1.0000E+00  5.4773E-03  0.0000E+00  0.0000E+00
  3.8000E+01  3.2800E+02  9.1919E-01  2.0000E+02  0.0000E+00  1.0000E+00  1.2971E-02  0.0000E+00  0.0000E+00
  3.8000E+01  3.6100E+02  5.7343E-01  2.0000E+02  0.0000E+00  1.0000E+00  8.7880E-03  0.0000E+00  0.0000E+00
  3.8000E+01  4.4200E+02  2.5537E-01  2.0000E+02  0.0000E+00  1.0000E+00  4.5084E-03  0.0000E+00  0.0000E+00
  3.8000E+01  4.8000E+02  5.2709E-01  2.0000E+02  0.0000E+00  0.0000E+00  5.8955E-01  0.0000E+00  0.0000E+00
  3.9000E+01  0.0000E+00  1.0000E+00  2.0000E+02  3.0000E+00  0.0000E+00  1.0000E+00  0.0000E+00  0.0000E+00
  3.9000E+01  9.3000E+01  2.9591E-01  2.0000E+02  0.0000E+00  1.0000E+00  3.8155E-03  0.0000E+00  0.0000E+00
  3.9000E+01  9.6000E+01  9.6148E-01  2.0000E+02  0.0000E+00  1.0000E+00  1.3337E-02  0.0000E+00  0.0000E+00
  3.9000E+01  9.8000E+01  9.7415E-01  2.0000E+02  0.0000E+00  1.0000E+00  1.3524E-02  0.0000E+00  0.0000E+00
  3.9000E+01  3.3500E+02  4.4906E-02  2.0000E+02  0.0000E+00  1.0000E+00  5.1518E-04  0.0000E+00  0.0000E+00
  3.9000E+01  3.8100E+02  5.4755E-01  2.0000E+02  0.0000E+00  1.0000E+00  7.3347E-03  0.0000E+00  0.0000E+00
  3.9000E+01  4.7100E+02  3.0776E-01  2.0000E+02  0.0000E+00  1.0000E+00  3.9781E-03  0.0000E+00  0.0000E+00
  3.9000E+01  4.8000E+02  8.8884E-01  2.0000E+02  0.0000E+00  0.0000E+00  8.8237E-01  0.0000E+00  0.0000E+00
  4.0000E+01  0.0000E+00  1.0000E+00  2.0000E+02  3.0000E+00  0.0000E+00  1.0000E+00  0.0000E+00  0.0000E+00
  4.0000E+01  3.0400E+02  9.3484E-02  2.0000E+02  0.0000E+00  1.0000E+00  2.0293E-04  0.0000E+00  0.0000E+00
  4.0000E+01  4.8000E+02  2.5358E-01  2.0000E+02  0.0000E+00  0.0000E+00  8.6529E-02  0.0000E+00  0.0000E+00
  4.1000E+01  0.0000E+00  1.0000E+00  2.0000E+02  3.0000E+00  0.0000E+00  1.0000E+00  0.0000E+00  0.0000E+00
  4.1000E+01  4.8000E+02  3.6315E-02  2.0000E+02  0.0000E+00  0.0000E+00  1.2628E-03  0.0000E+00  0.0000E+00
  4.2000E+01  0.0000E+00  1.0000E+00  2.0000E+02  3.0000E+00  0.0000E+00  1.0000E+00  0.0000E+00  0.0000E+00
  4.2000E+01  4.5800E+02  2.8141E-02  2.0000E+02  0.0000E+00  1.0000E+00  2.3844E-05  0.0000E+00  0.0000E+00
  4.2000E+01  4.8000E+02  8.4239E-01  2.0000E+02  0.0000E+00  0.0000E+00  7.3645E-01  0.0000E+00  0.0000E+00
  4.3000E+01  0.0000E+00  1.0000E+00  2.0000E+02  3.0000E+00  0.0000E+00  1.0000E+00  0.0000E+00  0.0000E+00
  4.3000E+01  2.6600E+02  5.6320E-02  2.0000E+02  0.0000E+00  2.0000E+00  3.4422E-04  0.0000E+00  0.0000E+00
  4.3000E+01  3.4100E+02  4.4437E-01  2.0000E+02  0.0000E+00  3.0000E+00  4.9007E-03  0.0000E+00  0.0000E+00
  4.3000E+01  4.5200E+02  3.0106E-01  2.0000E+02  0.0000E+00  2.0000E+00  2.9707E-03  0.0000E+00  0.0000E+00
  4.3000E+01  4.7200E+02  8.0550E-01  2.0000E+02  0.0000E+00  3.0000E+00  1.0529E-02  0.0000E+00  0.0000E+00
  4.3000E+01  4.8000E+02  9.1712E-01  2.0000E+02  0.0000E+00  0.0000E+00  8.9472E-01  0.0000E+00  0.0000E+00
  4.4000E+01  0.0000E+00  1.0000E+00  2.0000E+02  3.0000E+00  0.0000E+00  1.0000E+00  0.0000E+00  0.0000E+00
  4.4000E+01  1.2400E+02  2.6158E-01  2.0000E+02  0.0000E+00  1.0000E+00  2.4794E-03  0.0000E+00  0.0000E+00
  4.4000E+01  2.1200E+02  3.8609E-01  2.0000E+02  0.0000E+00  1.0000E+00  4.0903E-03  0.0000E+00  0.0000E+00
  4.4000E+01  3.9100E+02  1.4430E-01  2.0000E+02  0.0000E+00  1.0000E+00  1.1540E-03  0.0000E+00  0.0000E+00
  4.4000E+01  4.5600E+02  4.9512E-01  2.0000E+02  0.0000E+00  1.0000E+00  5.6318E-03  0.0000E+00  0.0000E+00
  4.4000E+01  4.8000E+02  7.7140E-01  2.0000E+02  0.0000E+00  0.0000E+00  7.1625E-01  0.0000E+00  0.0000E+00
  4.5000E+01  0.0000E+00  1.0000E+00  2.0000E+02  3.0000E+00  0.0000E+00  1.0000E+00  0.0000E+00  0.0000E+00
  4.5000E+01  1.4000E+02  1.3499E-01  2.0000E+02  0.0000E+00  1.0000E+00  1.9849E-03  0.0000E+00  0.0000E+00
  4.5000E+01  1.9700E+02  4.4249E-01  2.0000E+02  0.0000E+00  3.0000E+00  6.2944E-03  0.0000E+00  0.0000E+00
  4.5000E+01  2.8800E+02  2.7208E-01  2.0000E+02  0.0000E+00  3.0000E+00  3.9231E-03  0.0000E+00  0.0000E+00
  4.5000E+01  4.2100E+02  1.4920E-01  2.0000E+02  0.0000E+00  3.0000E+00  2.1878E-03  0.0000E+00  0.0000E+00
  4.5000E+01  4.3100E+02  8.6672E-01  2.0000E+02  0.0000E+00  3.0000E+00  1.2100E-02  0.0000E+00  0.0000E+00
  4.5000E+01  4.5500E+02  7.0943E-01  2.0000E+02  0.0000E+00  3.0000E+00  9.9595E-03  0.0000E+00  0.0000E+00
  4.5000E+01  4.7300E+02  7.7300E-01  2.0000E+02  0.0000E+00  1.0000E+00  1.0826E-02  0.0000E+00  0.0000E+00
  4.5000E+01  4.8000E+02  9.0472E-01  2.0000E+02  0.0000E+00  0.0000E+00  9.0725E-01  0.0000E+00  0.0000E+00
  4.6000E+01  0.0000E+00  1.0000E+00  2.0000E+02  3.0000E+00  0.0000E+00  1.0000E+00  0.0000E+00  0.0000E+00
  4.6000E+01  2.3300E+02  8.0474E-02  2.0000E+02  0.0000E+00  1.0000E+00  5.4465E-04  0.0000E+00  0.0000E+00
  4.6000E+01  3.5000E+02  2.8215E-01  2.0000E+02  0.0000E+00  3.0000E+00  2.7329E-03  0.0000E+00  0.0000E+00
  4.6000E+01  4.5800E+02  3.1099E-01  2.0000E+02  0.0000E+00  1.0000E+00  3.0972E-03  0.0000E+00  0.0000E+00
  4.6000E+01  4.6300E+02  9.4736E-01  2.0000E+02  0.0000E+00  2.0000E+00  1.2971E-02  0.0000E+00  0.0000E+00
  4.6000E+01  4.8000E+02  8.3206E-01  2.0000E+02  0.0000E+00  0.0000E+00  7.8948E-01  0.0000E+00  0.0000E+00
  4.7000E+01  0.0000E+00  1.0000E+00  2.0000E+02  3.0000E+00  0.0000E+00  1.0000E+00  0.0000E+00  0.0000E+00
  4.7000E+01  1.6400E+02  2.7844E-01  2.0000E+02  0.0000E+00  1.0000E+00  1.4217E-03  0.0000E+00  0.0000E+00
  4.7000E+01  4.8000E+02  8.5135E-02  2.0000E+02  0.0000E+00  0.0000E+00  1.2351E-02  0.0000E+00  0.0000E+00
  4.8000E+01  0.0000E+00  1.0000E+00  2.0000E+02  3.0000E+00  0.0000E+00  1.0000E+00  0.0000E+00  0.0000E+00
  4.8000E+01  3.0000E+00  9.7117E-01  2.0000E+02  0.0000E+00  1.0000E+00  1.3337E-02  0.0000E+00  0.0000E+00
  4.8000E+01  2.3400E+02  1.0511E-01  2.0000E+02  0.0000E+00  1.0000E+00  5.6001E-04  0.0000E+00  0.0000E+00
  4.8000E+01  3.5900E+02  2.9552E-01  2.0000E+02  0.0000E+00  1.0000E+00  2.4452E-03  0.0000E+00  0.0000E+00
  4.8000E+01  4.8000E+02  3.0727E-01  2.0000E+02  0.0000E+00  0.0000E+00  1.8591E-01  0.0000E+00  0.0000E+00
